0.87
0.83
0.9
0.87
0.9
0.7
0.88
0.75
0.93
0.72
0.82
0.89
0.82
0.87
0.75
0.73
0.72
0.79
0.87
0.79
0.73
0.88
0.85
0.74
0.77
0.81
0.77
0.84
0.78
0.81
0.87
0.69
0.88
0.78
0.87
0.64
0.92
0.86
0.71
0.73
0.79
0.78
0.82
0.88
0.7
0.73
0.73
0.72
0.79
0.87
0.77
0.92
0.81
0.8
0.83
0.9
0.73
0.9
0.82
0.77
0.86
0.71
0.78
0.74
0.8
0.73
0.74
0.73
0.67
0.71
0.68
0.81
0.79
0.74
0.6
0.84
0.86
0.81
0.87
0.72
0.85
0.76
0.71
0.75
0.83
0.78
0.67
0.79
0.85
0.91
0.82
0.73
0.74
0.5
0.87
0.82
0.7
0.9
0.74
0.67
0.64
0.77
0.7
0.73
0.73
0.76
0.67
0.75
0.82
0.64
0.74
0.61
0.85
0.53
0.79
0.7
0.79
0.88
0.76
0.64
0.76
0.92
0.67
0.68
0.85
0.72
0.78
0.74
0.86
0.7
0.69
0.59
0.64
0.73
0.83
0.67
0.78
0.8
0.84
0.82
0.86
0.79
0.55
0.76
0.73
0.67
0.87
0.73
0.74
0.67
0.88
0.61
0.64
0.79
0.71
0.65
0.83
0.75
0.73
0.69
0.71
0.73
0.77
0.79
0.9
0.77
0.67
0.61
0.83
0.79
0.8
0.62
0.68
0.76
0.71
0.9
0.84
0.78
0.79
0.72
0.72
0.79
0.81
0.68
0.61
0.93
0.81
0.75
0.61
0.79
0.58
0.71
0.65
0.9
0.81
0.75
0.77
0.61
0.55
0.7
0.6
0.74
0.78
0.72
0.75
0.77
0.89
0.77
0.61
0.61
0.69
0.69
0.83
0.64
0.63
0.79
0.69
0.68
0.66
0.71
0.65
0.64
0.75
0.73
0.73
0.62
0.71
0.83
0.85
0.8
0.74
0.71
0.88
0.76
0.74
0.66
0.66
0.57
0.7
0.77
0.69
0.72
0.68
0.85
0.76
0.77
0.69
0.58
0.87
0.77
0.73
0.8
0.66
0.85
0.74
0.72
0.66
0.75
0.77
0.8
0.81
0.76
0.8
0.58
0.62
0.71
0.74
0.68
0.77
0.7
0.64
0.77
0.65
0.73
0.65
0.57
0.79
0.7
0.74
0.62
0.81
0.67
0.7
0.6
0.76
0.72
0.68
0.69
0.75
0.58
0.68
0.79
0.69
0.71
0.63
0.71
0.61
0.69
0.62
0.37
0.72
0.63
0.64
0.76
0.61
0.69
0.62
0.74
0.83
0.72
0.79
0.65
0.72
0.65
0.79
0.6
0.63
0.44
0.69
0.67
0.59
0.69
0.72
0.59
0.64
0.65
0.72
0.72
0.53
0.72
0.61
0.52
0.61
0.65
0.77
0.71
0.73
0.66
0.69
0.61
0.76
0.68
0.63
0.71
0.55
0.61
0.69
0.55
0.72
0.69
0.65
0.69
0.66
0.8
0.65
0.78
0.71
0.77
0.81
0.72
0.75
0.67
0.53
0.63
0.54
0.72
0.72
0.58
0.73
0.62
0.62
0.71
0.6
0.7
0.64
0.68
0.77
0.65
0.61
0.65
0.61
0.66
0.7
0.52
0.68
0.05
0.59
0.63
0.62
0.64
0.6
0.69
0.57
0.71
0.7
0.74
0.73
0.68
0.64
0.57
0.65
0.7
0.72
0.6
0.55
0.68
0.71
0.57
0.64
0.59
0.89
0.71
0.76
0.59
0.68
0.66
0.72
0.6
0.77
0.55
0.66
0.64
0.66
0.71
0.64
0.74
0.65
0.72
0.65
0.57
0.56
0.71
0.6
0.6
0.56
0.55
0.65
0.7
0.53
0.49
0.55
0.6
0.58
0.55
0.25
0.52
0.64
0.51
0.43
0.4
0.51
0.47
0.48
0.59
0.42
0.46
0.01
